0.2 0.2 0.2 0.2 0.2 0.2 0.2 0.2 0.2 0.2 0.2 0.2 0.2 0.2 0.2 0.2 0.2 0.2 0.2 0.2 0.2 
0.2 0.2 0.2 0.2 0.2 0.2 0.2 0.2 0.2 0.200001 0.200006 0.200061 0.200651 0.206891 0.269488 0.657752 1.50473 2.52415 3.59066 4.6755 5.76984 
0.2 0.2 0.2 0.2 0.2 0.2 0.2 0.200002 0.200017 0.200185 0.201957 0.220468 0.384473 1.01051 1.96234 2.99127 3.99482 4.92963 5.79145 6.58499 7.31506 
0.2 0.2 0.2 0.2 0.2 0.200002 0.200023 0.200242 0.202554 0.226507 0.42739 1.10463 2.06675 3.07191 4.01925 4.88607 5.6763 6.39895 7.06324 7.6771 8.24705 
0.2 0.2 0.2 0.2 0.200005 0.200051 0.200522 0.20533 0.252466 0.569251 1.33942 2.24429 3.07245 3.79185 4.408 4.93033 5.36563 5.71673 5.98215 6.15515 6.22165 
0.2 0.2 0.200001 0.200006 0.200057 0.20056 0.205484 0.251697 0.553693 1.28275 2.10423 2.82309 3.42677 3.93197 4.35318 4.70046 4.9803 5.19657 5.35118 5.4445 5.4759 
0.2 0.2 0.200005 0.200043 0.200411 0.203857 0.23518 0.456513 1.09137 1.85612 2.51967 3.06887 3.52447 3.90348 4.21753 4.47444 4.67948 4.83617 4.9468 5.01273 5.03464 
0.2 0.200003 0.200026 0.200239 0.202152 0.219011 0.348455 0.843614 1.56142 2.20307 2.7305 3.16567 3.52765 3.82935 4.07944 4.28384 4.4467 4.57087 4.65832 4.71032 4.72758 
0.2 0.200013 0.200119 0.201031 0.208803 0.27074 0.594537 1.24063 1.87903 2.40511 2.83677 3.19528 3.49513 3.74598 3.95439 4.12495 4.26092 4.36461 4.43763 4.48105 4.49545 
0.2 0.200052 0.200445 0.203677 0.229392 0.397555 0.909973 1.54486 2.08408 2.52426 2.88837 3.19308 3.44934 3.66455 3.84382 3.99081 4.10813 4.19767 4.26075 4.29827 4.31072 
0.2 0.200176 0.201431 0.211203 0.281447 0.606129 1.19811 1.75913 2.21799 2.59519 2.91001 3.17526 3.39944 3.58837 3.74615 3.87575 3.97932 4.05845 4.11423 4.14742 4.15843 
0.2 0.200521 0.204042 0.229731 0.385273 0.84888 1.42306 1.90956 2.30706 2.63696 2.91451 3.14972 3.34935 3.51811 3.65936 3.77558 3.86858 3.93969 3.98985 4.01971 4.02962 
0.2 0.201383 0.21022 0.269308 0.542488 1.07317 1.59136 2.01675 2.36707 2.66042 2.90889 3.12051 3.30076 3.45353 3.58167 3.68726 3.77185 3.83658 3.88227 3.90947 3.9185 
0.2 0.203342 0.223402 0.341339 0.72797 1.25738 1.71751 2.0944 2.40765 2.67201 2.8972 3.08979 3.25434 3.39414 3.5116 3.60852 3.68624 3.74576 3.7878 3.81283 3.82115 
0.2 0.207433 0.248831 0.449998 0.909909 1.4029 1.8132 2.15138 2.43487 2.67569 2.88184 3.05877 3.21034 3.33938 3.44797 3.53767 3.60967 3.66485 3.70383 3.72706 3.73477 
0.2 0.215344 0.292931 0.58599 1.06948 1.51758 1.88677 2.19354 2.45266 2.67402 2.86429 3.02809 3.16875 3.28871 3.3898 3.4734 3.54055 3.59204 3.62844 3.65013 3.65734 
0.2 0.229557 0.360604 0.731454 1.20244 1.60865 1.94398 2.22487 2.46367 2.66866 2.84549 2.99813 3.12948 3.24167 3.33633 3.41468 3.47767 3.526 3.56018 3.58055 3.58732 
0.2 0.253261 0.451426 0.870256 1.31172 1.68169 1.98889 2.2481 2.46971 2.66075 2.82605 2.96908 3.09238 3.19784 3.28693 3.36073 3.4201 3.46567 3.49791 3.51713 3.52352 
0.2 0.289765 0.55855 0.993743 1.40168 1.74083 2.02439 2.26519 2.47207 2.65106 2.80637 2.94103 3.05729 3.15688 3.24107 3.31088 3.36707 3.41022 3.44075 3.45896 3.46501 
0.2 0.341158 0.67167 1.09994 1.47617 1.78913 2.05256 2.27755 2.47167 2.64016 2.7867 2.914 3.02408 3.11846 3.19833 3.2646 3.31798 3.35898 3.38801 3.40532 3.41107 
0.2 0.406764 0.781367 1.19025 1.53826 1.82885 2.07497 2.28622 2.46918 2.62842 2.76722 2.888 2.99257 3.08233 3.15835 3.22147 3.27233 3.31141 3.33909 3.3556 3.36109 
