0.2 0.2 0.2 0.2 0.2 0.2 0.2 0.2 0.2 0.2 0.2 0.2 0.2 0.2 0.2 0.2 0.2 0.2 0.2 0.2 0.2 
0.2 0.2 0.2 0.2 0.2 0.2 0.2 0.2 0.2 0.2 0.2 0.2 0.2 0.2 0.2 0.2 0.2 0.200033 0.204105 0.559103 
0.2 0.2 0.2 0.2 0.2 0.2 0.2 0.2 0.2 0.2 0.2 0.2 0.2 0.2 0.2 0.2 0.200004 0.200491 0.253772 1.5371 
0.2 0.2 0.2 0.2 0.2 0.2 0.2 0.2 0.2 0.2 0.2 0.2 0.2 0.2 0.2 0.2 0.200034 0.203702 0.490581 2.67158 
0.2 0.2 0.2 0.2 0.2 0.2 0.2 0.2 0.2 0.2 0.2 0.2 0.2 0.2 0.2 0.200002 0.200214 0.221802 1.01985 3.64046 
0.2 0.2 0.2 0.2 0.2 0.2 0.2 0.2 0.2 0.2 0.2 0.2 0.2 0.2 0.2 0.200011 0.201098 0.300565 1.7803 4.3766 
0.2 0.2 0.2 0.2 0.2 0.2 0.2 0.2 0.2 0.2 0.2 0.2 0.2 0.2 0.200001 0.200049 0.20474 0.5214 2.60472 4.93819 
0.2 0.2 0.2 0.2 0.2 0.2 0.2 0.2 0.2 0.2 0.2 0.2 0.2 0.2 0.200002 0.200208 0.219346 0.940067 3.35219 5.39067 
0.2 0.2 0.2 0.2 0.2 0.2 0.2 0.2 0.2 0.2 0.2 0.2 0.2 0.2 0.200009 0.200819 0.271558 1.53412 3.97311 5.77237 
0.2 0.2 0.2 0.2 0.2 0.2 0.2 0.2 0.2 0.2 0.2 0.2 0.2 0.2 0.200032 0.202918 0.412573 2.21354 4.48214 6.10276 
0.2 0.2 0.2 0.2 0.2 0.2 0.2 0.2 0.2 0.2 0.2 0.2 0.2 0.200001 0.200113 0.209904 0.693567 2.87706 4.91114 6.3943 
0.2 0.2 0.2 0.2 0.2 0.2 0.2 0.2 0.2 0.2 0.2 0.2 0.2 0.200004 0.200385 0.232975 1.12844 3.46451 5.28388 6.65622 
0.2 0.2 0.2 0.2 0.2 0.2 0.2 0.2 0.2 0.2 0.2 0.2 0.2 0.200014 0.201253 0.299307 1.68024 3.96448 5.61351 6.89469 
0.2 0.2 0.2 0.2 0.2 0.2 0.2 0.2 0.2 0.2 0.2 0.2 0.200001 0.200045 0.203831 0.450194 2.27813 4.39214 5.90832 7.11372 
0.2 0.2 0.2 0.2 0.2 0.2 0.2 0.2 0.2 0.2 0.2 0.2 0.200002 0.200138 0.211455 0.720749 2.85353 4.76689 6.17518 7.31639 
0.2 0.2 0.2 0.2 0.2 0.2 0.2 0.2 0.2 0.2 0.2 0.2 0.200005 0.200418 0.233879 1.11748 3.36805 5.10194 6.41959 7.50531 
0.2 0.2 0.2 0.2 0.2 0.2 0.2 0.2 0.2 0.2 0.2 0.2 0.200015 0.201224 0.292837 1.61126 3.81505 5.40457 6.64538 7.68252 
0.2 0.2 0.2 0.2 0.2 0.2 0.2 0.2 0.2 0.2 0.2 0.200001 0.200042 0.203355 0.415739 2.11791 4.1317 5.52026 6.53584 7.23786 
0.2 0.2 0.2 0.2 0.2 0.2 0.2 0.2 0.2 0.2 0.2 0.200001 0.200112 0.208635 0.615815 2.5592 4.32513 5.51577 6.34177 6.85601 
0.2 0.2 0.2 0.2 0.2 0.2 0.2 0.2 0.2 0.2 0.2 0.200004 0.200283 0.220949 0.881942 2.90175 4.43148 5.45656 6.14703 6.55671 
0.2 0.2 0.2 0.2 0.2 0.2 0.2 0.2 0.2 0.2 0.2 0.200009 0.200672 0.246854 1.18597 3.14975 4.48261 5.37675 5.97077 6.316 
0.2 0.2 0.2 0.2 0.2 0.2 0.2 0.2 0.2 0.2 0.2 0.200021 0.201488 0.294312 1.49587 3.32336 4.4997 5.29148 5.81464 6.1161 
0.2 0.2 0.2 0.2 0.2 0.2 0.2 0.2 0.2 0.2 0.200001 0.200046 0.20307 0.369742 1.78556 3.44398 4.49602 5.20708 5.67627 5.94575 
0.2 0.2 0.2 0.2 0.2 0.2 0.2 0.2 0.2 0.2 0.200001 0.200094 0.205968 0.47544 2.03923 3.52842 4.47984 5.12612 5.55282 5.79768 
0.2 0.2 0.2 0.2 0.2 0.2 0.2 0.2 0.2 0.2 0.200003 0.200183 0.211059 0.608964 2.25117 3.58812 4.45635 5.04953 5.44182 5.66698 
0.2 0.2 0.2 0.2 0.2 0.2 0.2 0.2 0.2 0.2 0.200006 0.200341 0.219669 0.764238 2.42285 3.63039 4.42872 4.97752 5.34127 5.55021 
0.2 0.2 0.2 0.2 0.2 0.2 0.2 0.2 0.2 0.2 0.20001 0.200615 0.233579 0.933283 2.55955 3.65985 4.39885 4.90996 5.24957 5.44484 
0.2 0.2 0.2 0.2 0.2 0.2 0.2 0.2 0.2 0.2 0.200019 0.20107 0.254857 1.10776 2.66777 3.6796 4.36787 4.84656 5.16543 5.349 
0.2 0.2 0.2 0.2 0.2 0.2 0.2 0.2 0.2 0.200001 0.200033 0.201796 0.285524 1.2801 2.75371 3.69184 4.33646 4.78698 5.08782 5.26121 
0.2 0.2 0.2 0.2 0.2 0.2 0.2 0.2 0.2 0.200001 0.200057 0.202918 0.327159 1.44419 2.82262 3.69831 4.30503 4.73088 5.01588 5.18033 
0.2 0.2 0.2 0.2 0.2 0.2 0.2 0.2 0.2 0.200002 0.200093 0.2046 0.380598 1.59579 2.87858 3.70035 4.27387 4.67793 4.94889 5.10541 
0.2 0.2 0.2 0.2 0.2 0.2 0.2 0.2 0.2 0.200003 0.200149 0.20706 0.445792 1.73246 2.92461 3.69903 4.24318 4.62784 4.88628 5.03571 
0.2 0.2 0.2 0.2 0.2 0.2 0.2 0.2 0.2 0.200005 0.200233 0.21059 0.521854 1.85339 2.96286 3.69518 4.21309 4.58036 4.82754 4.9706 
0.2 0.2 0.2 0.2 0.2 0.2 0.2 0.2 0.2 0.200008 0.200357 0.215561 0.60723 1.95895 2.99483 3.68943 4.18371 4.53528 4.77227 4.90955 
0.2 0.2 0.2 0.2 0.2 0.2 0.2 0.2 0.2 0.200012 0.200537 0.222436 0.699917 2.0503 3.0216 3.68222 4.15508 4.49238 4.72011 4.85214 
0.2 0.2 0.2 0.2 0.2 0.2 0.2 0.2 0.2 0.200018 0.200792 0.231753 0.797679 2.12901 3.04396 3.67389 4.12725 4.45151 4.67076 4.79797 
0.2 0.2 0.2 0.2 0.2 0.2 0.2 0.2 0.200001 0.200027 0.201149 0.244099 0.898229 2.1968 3.06252 3.66468 4.1002 4.4125 4.62396 4.74675 
0.2 0.2 0.2 0.2 0.2 0.2 0.2 0.2 0.200001 0.20004 0.201641 0.260064 0.999387 2.25533 3.07781 3.65479 4.07394 4.37521 4.57948 4.69818 
0.2 0.2 0.2 0.2 0.2 0.2 0.2 0.2 0.200001 0.200058 0.202309 0.28019 1.09918 2.30611 3.09027 3.64433 4.04842 4.33951 4.53712 4.65204 
0.2 0.2 0.2 0.2 0.2 0.2 0.2 0.2 0.200002 0.200083 0.203201 0.304913 1.19595 2.35046 3.10029 3.63344 4.02364 4.30529 4.49672 4.60811 
0.2 0.2 0.2 0.2 0.2 0.2 0.2 0.2 0.200003 0.200118 0.204375 0.334522 1.28836 2.38946 3.10824 3.62221 3.99956 4.27243 4.4581 4.56621 
0.2 0.2 0.2 0.2 0.2 0.2 0.2 0.2 0.200004 0.200164 0.205903 0.369131 1.37547 2.42401 3.11441 3.61071 3.97614 4.24084 4.42113 4.52617 
0.2 0.2 0.2 0.2 0.2 0.2 0.2 0.2 0.200006 0.200225 0.207868 0.408671 1.45667 2.45481 3.11908 3.59903 3.95337 4.21044 4.38569 4.48786 
0.2 0.2 0.2 0.2 0.2 0.2 0.2 0.2 0.200008 0.200307 0.210369 0.452898 1.53166 2.48241 3.12248 3.58723 3.93121 4.18113 4.35167 4.45114 
0.2 0.2 0.2 0.2 0.2 0.2 0.2 0.2 0.200012 0.200412 0.213523 0.501416 1.60043 2.50723 3.1248 3.57536 3.90965 4.15286 4.31897 4.41589 
0.2 0.2 0.2 0.2 0.2 0.2 0.2 0.2 0.200016 0.200549 0.217465 0.553706 1.66316 2.52959 3.1262 3.56348 3.88866 4.12556 4.28749 4.38202 
0.2 0.2 0.2 0.2 0.2 0.2 0.2 0.200001 0.200022 0.200725 0.222348 0.609159 1.72016 2.54977 3.1268 3.55161 3.86821 4.09917 4.25715 4.34942 
0.2 0.2 0.2 0.2 0.2 0.2 0.2 0.200001 0.200029 0.200948 0.22834 0.667112 1.77186 2.56796 3.12672 3.53978 3.8483 4.07364 4.22789 4.31802 
0.2 0.2 0.2 0.2 0.2 0.2 0.2 0.200001 0.200038 0.20123 0.235621 0.726872 1.81871 2.58436 3.12603 3.52803 3.8289 4.04892 4.19963 4.28773 
0.2 0.2 0.2 0.2 0.2 0.2 0.2 0.200002 0.200051 0.201583 0.244377 0.787745 1.86121 2.59911 3.1248 3.51636 3.81 4.02497 4.17232 4.25849 
0.2 0.2 0.2 0.2 0.2 0.2 0.2 0.200002 0.200066 0.202021 0.25479 0.849062 1.89983 2.61236 3.12309 3.50478 3.79156 4.00173 4.1459 4.23024 
0.2 0.2 0.2 0.2 0.2 0.2 0.2 0.200003 0.200086 0.202562 0.267032 0.910193 1.935 2.62424 3.12096 3.49332 3.77357 3.97919 4.12032 4.20291 
0.2 0.2 0.2 0.2 0.2 0.2 0.2 0.200004 0.200111 0.203225 0.281256 0.970566 1.96715 2.63488 3.11844 3.48196 3.75602 3.95729 4.09553 4.17645 
0.2 0.2 0.2 0.2 0.2 0.2 0.2 0.200005 0.200142 0.204031 0.297585 1.02968 1.99662 2.64438 3.11558 3.47073 3.73889 3.93602 4.07149 4.15082 
0.2 0.2 0.2 0.2 0.2 0.2 0.2 0.200006 0.20018 0.205006 0.316108 1.0871 2.02375 2.65287 3.11241 3.45961 3.72215 3.91533 4.04815 4.12597 
0.2 0.2 0.2 0.2 0.2 0.2 0.2 0.200008 0.200228 0.206176 0.336873 1.14249 2.04881 2.66044 3.10897 3.44862 3.7058 3.89519 4.02549 4.10185 
0.2 0.2 0.2 0.2 0.2 0.2 0.2 0.20001 0.200286 0.207572 0.359888 1.19559 2.07203 2.66717 3.10528 3.43774 3.68981 3.87559 4.00347 4.07843 
0.2 0.2 0.2 0.2 0.2 0.2 0.2 0.200013 0.200357 0.20923 0.385115 1.2462 2.09361 2.67317 3.10138 3.427 3.67417 3.85649 3.98205 4.05568 
0.2 0.2 0.2 0.2 0.2 0.2 0.200001 0.200016 0.200443 0.211187 0.412477 1.29421 2.11371 2.67849 3.0973 3.41638 3.65888 3.83788 3.96121 4.03355 
0.2 0.2 0.2 0.2 0.2 0.2 0.200001 0.20002 0.200546 0.213485 0.441859 1.33958 2.13248 2.68321 3.09306 3.40589 3.6439 3.81972 3.94092 4.01203 
0.2 0.2 0.2 0.2 0.2 0.2 0.200001 0.200025 0.20067 0.216171 0.473111 1.38231 2.15003 2.68738 3.08867 3.39552 3.62925 3.80201 3.92115 3.99107 
0.2 0.2 0.2 0.2 0.2 0.2 0.200001 0.200032 0.200818 0.219297 0.506056 1.42245 2.16645 2.69107 3.08417 3.38529 3.61489 3.78472 3.90188 3.97066 
0.2 0.2 0.2 0.2 0.2 0.2 0.200001 0.200039 0.200995 0.222915 0.540495 1.46008 2.18182 2.6943 3.07956 3.37519 3.60082 3.76782 3.88309 3.95077 
0.2 0.2 0.2 0.2 0.2 0.2 0.200002 0.200048 0.201203 0.227084 0.576213 1.49533 2.19621 2.69711 3.07487 3.36521 3.58704 3.75132 3.86475 3.93137 
0.2 0.2 0.2 0.2 0.2 0.2 0.200002 0.200059 0.201449 0.231865 0.612983 1.52832 2.20969 2.69955 3.0701 3.35537 3.57352 3.73518 3.84685 3.91245 
0.2 0.2 0.2 0.2 0.2 0.2 0.200003 0.200073 0.201737 0.237321 0.650572 1.55919 2.22231 2.70164 3.06527 3.34565 3.56027 3.71941 3.82937 3.89398 
0.2 0.2 0.2 0.2 0.2 0.2 0.200003 0.200088 0.202074 0.243512 0.688748 1.5881 2.23411 2.70341 3.06039 3.33607 3.54727 3.70397 3.81229 3.87594 
0.2 0.2 0.2 0.2 0.2 0.2 0.200004 0.200107 0.202467 0.250503 0.727282 1.61518 2.24516 2.70487 3.05547 3.32661 3.53452 3.68886 3.79559 3.85832 
0.2 0.2 0.2 0.2 0.2 0.2 0.200005 0.200129 0.202923 0.25835 0.765953 1.64058 2.25548 2.70605 3.05051 3.31727 3.522 3.67407 3.77926 3.8411 
0.2 0.2 0.2 0.2 0.2 0.2 0.200006 0.200155 0.203451 0.26711 0.804549 1.66444 2.26514 2.70697 3.04552 3.30806 3.50972 3.65958 3.76328 3.82426 
0.2 0.2 0.2 0.2 0.2 0.2 0.200008 0.200186 0.204059 0.276832 0.842876 1.68689 2.27417 2.70765 3.04051 3.29897 3.49766 3.64539 3.74764 3.80779 
0.2 0.2 0.2 0.2 0.2 0.2 0.20001 0.200221 0.204757 0.287557 0.880753 1.70806 2.2826 2.70809 3.03548 3.29 3.48581 3.63147 3.73234 3.79167 
0.2 0.2 0.2 0.2 0.2 0.2 0.200012 0.200263 0.205555 0.299318 0.918019 1.72804 2.29048 2.70832 3.03043 3.28115 3.47417 3.61784 3.71734 3.77589 
0.2 0.2 0.2 0.2 0.2 0.200001 0.200014 0.200312 0.206466 0.312139 0.954533 1.74694 2.29785 2.70835 3.02537 3.27241 3.46274 3.60446 3.70266 3.76044 
0.2 0.2 0.2 0.2 0.2 0.200001 0.200017 0.200368 0.207502 0.326032 0.990173 1.76486 2.30474 2.70819 3.02031 3.26378 3.4515 3.59134 3.68826 3.74531 
0.2 0.2 0.2 0.2 0.2 0.200001 0.20002 0.200433 0.208675 0.340999 1.02484 1.78186 2.31118 2.70785 3.01524 3.25526 3.44045 3.57847 3.67415 3.73048 
0.2 0.2 0.2 0.2 0.2 0.200001 0.200024 0.200508 0.210001 0.35703 1.05845 1.79802 2.31721 2.70736 3.01017 3.24686 3.42958 3.56583 3.66031 3.71594 
0.2 0.2 0.2 0.2 0.2 0.200001 0.200028 0.200594 0.211493 0.374105 1.09095 1.81341 2.32285 2.70671 3.0051 3.23855 3.4189 3.55342 3.64673 3.70169 
0.2 0.2 0.2 0.2 0.2 0.200001 0.200033 0.200692 0.21317 0.392192 1.12229 1.82807 2.32813 2.70592 3.00003 3.23035 3.40838 3.54123 3.63341 3.6877 
0.2 0.2 0.2 0.2 0.2 0.200002 0.200039 0.200805 0.215047 0.411249 1.15244 1.84206 2.33308 2.70501 2.99498 3.22226 3.39804 3.52926 3.62034 3.67399 
0.2 0.2 0.2 0.2 0.2 0.200002 0.200046 0.200933 0.217144 0.431227 1.18141 1.85542 2.33771 2.70398 2.98993 3.21426 3.38786 3.5175 3.6075 3.66052 
0.2 0.2 0.2 0.2 0.2 0.200003 0.200054 0.201079 0.219479 0.452066 1.20918 1.86818 2.34204 2.70283 2.9849 3.20636 3.37783 3.50594 3.59489 3.64731 
0.2 0.2 0.2 0.2 0.2 0.200003 0.200064 0.201244 0.222073 0.4737 1.23577 1.88037 2.34611 2.70159 2.97987 3.19855 3.36796 3.49457 3.5825 3.63433 
0.2 0.2 0.2 0.2 0.2 0.200004 0.200074 0.20143 0.224947 0.496058 1.26122 1.89203 2.34991 2.70025 2.97487 3.19084 3.35824 3.48339 3.57034 3.62158 
0.2 0.2 0.2 0.2 0.2 0.200004 0.200086 0.201641 0.228123 0.519061 1.28554 1.90317 2.35348 2.69882 2.96988 3.18322 3.34867 3.4724 3.55838 3.60906 
0.2 0.2 0.2 0.2 0.2 0.200005 0.2001 0.201877 0.231623 0.542631 1.30878 1.91383 2.35681 2.69732 2.96492 3.17569 3.33924 3.46158 3.54662 3.59675 
0.2 0.2 0.2 0.2 0.2 0.200006 0.200116 0.202143 0.23547 0.566684 1.33098 1.92403 2.35993 2.69574 2.95997 3.16826 3.32994 3.45094 3.53506 3.58466 
0.2 0.2 0.2 0.2 0.2 0.200007 0.200134 0.202441 0.239686 0.591135 1.35219 1.93377 2.36284 2.69409 2.95505 3.16091 3.32078 3.44047 3.52369 3.57276 
0.2 0.2 0.2 0.2 0.2 0.200008 0.200155 0.202774 0.244294 0.615901 1.37245 1.9431 2.36556 2.69238 2.95015 3.15364 3.31175 3.43016 3.5125 3.56107 
0.2 0.2 0.2 0.2 0.2 0.200009 0.200178 0.203146 0.249316 0.640897 1.39181 1.95201 2.36809 2.69061 2.94528 3.14646 3.30285 3.42 3.50149 3.54956 
0.2 0.2 0.2 0.2 0.200001 0.200011 0.200204 0.20356 0.254773 0.666041 1.41032 1.96054 2.37044 2.68878 2.94043 3.13936 3.29408 3.41001 3.49066 3.53825 
0.2 0.2 0.2 0.2 0.200001 0.200013 0.200233 0.20402 0.260686 0.691252 1.42803 1.96869 2.37263 2.6869 2.93561 3.13235 3.28542 3.40016 3.48 3.52711 
0.2 0.2 0.2 0.2 0.200001 0.200014 0.200267 0.20453 0.267072 0.716454 1.44499 1.97648 2.37466 2.68498 2.93081 3.12541 3.27689 3.39046 3.4695 3.51615 
0.2 0.2 0.2 0.2 0.200001 0.200017 0.200304 0.205095 0.27395 0.741573 1.46124 1.98394 2.37653 2.68301 2.92605 3.11855 3.26847 3.3809 3.45916 3.50535 
0.2 0.2 0.2 0.2 0.200001 0.200019 0.200346 0.205718 0.281333 0.76654 1.47682 1.99106 2.37825 2.681 2.92131 3.11177 3.26016 3.37148 3.44898 3.49473 
0.2 0.2 0.2 0.2 0.200001 0.200022 0.200392 0.206406 0.289234 0.791291 1.49178 1.99788 2.37984 2.67894 2.91659 3.10507 3.25196 3.36219 3.43895 3.48427 
0.2 0.2 0.2 0.2 0.200001 0.200025 0.200445 0.207163 0.297662 0.815768 1.50615 2.0044 2.38129 2.67686 2.91191 3.09844 3.24387 3.35304 3.42907 3.47396 
0.2 0.2 0.2 0.2 0.200002 0.200029 0.200503 0.207995 0.306624 0.839916 1.51997 2.01064 2.38261 2.67473 2.90725 3.09188 3.23589 3.34401 3.41933 3.4638 
0.2 0.2 0.2 0.2 0.200002 0.200033 0.200568 0.208907 0.316124 0.863688 1.53327 2.01661 2.38381 2.67258 2.90263 3.08539 3.22801 3.33511 3.40973 3.4538 
0.2 0.2 0.2 0.2 0.200002 0.200038 0.20064 0.209906 0.326162 0.887041 1.54608 2.02233 2.38489 2.67039 2.89803 3.07898 3.22023 3.32633 3.40027 3.44394 
0.2 0.2 0.2 0.2 0.200002 0.200043 0.20072 0.210997 0.336736 0.909939 1.55844 2.02781 2.38587 2.66818 2.89346 3.07263 3.21254 3.31767 3.39094 3.43422 
